
Bas_s=0.0071797982613928234;
Bas_m=0.002924908210303694;
Bas_l=0.001191549919265049;

U_s=1548.7454654252183;
U_m=3801.7193021060443;
U_l=9332.114265811582;

met_s = Bas_s * exp(0.03*(U_s*100/60/60/24)) * 5.258
met_m = Bas_m * exp(0.03*(U_m*100/60/60/24)) * 5.258
met_l = Bas_s * exp(0.03*(U_l*100/60/60/24)) * 5.258